18999
56458
22680
102162
142682
20466
21780
68310
104156
269023
213753
15213
18045
11820
14183
210719
21807
52502
67302
332221
50794
19377
18424
11614
22772
16842
74318
58208
12396
228876
107932
22286
16201
22773
106205
71950
17354
68479
17869
242466
243983
23942
70650
21414
15260
16918
20667
65098
67917
54720
21423
21350
99377
320158
55927
19009
12913
217127
19247
21849
71041
22687
58198
77286
22608
246196
18021
83395
218772
232679
211586
76022
18991
22764
58180
18813
23872
81703
17684
17192
215418
329003
18514
77110
72693
22689
74164
23849
13017
18771
68842
68490
29871
26940
101994
52231
433182
66855
116870
14633
227656
217578
21815
17126
15191
50524
14009
18986
73754
19183
80292
75605
11911
193452
11568
239102
20893
14025
60611
17967
93736
100515
16468
269639
18612
15361
11910
12014
12402
76893
12705
233490
13436
104394
13653
13709
14011
14176
14472
14634
97165
15901
54139
231986
16476
56722
66863
18023
18616
68750
106298
20183
20230
17129
20674
228839
19720
22433
56449
245522
22685
244713
22704
228880
104383
13813
217031
277353
103836
21769
20848
217695
