433182
18999
13436
15361
21849
22286
22608
15191
18813
97165
11911
22680
104394
16201
68479
23942
13017
106298
22772
75605
104156
99377
21815
228839
20466
74164
67917
18424
50524
277353
18616
19720
66855
332221
14011
218772
104383
74318
21414
26940
102162
22687
71041
242466
21780
213753
19183
21807
227656
55927
71950
18612
18021
18045
68310
70650
233490
18514
211586
67302
21769
269023
50794
52502
22433
103836
16842
228876
22773
14009
246196
14634
142682
12396
56458
22764
20230
193452
66863
13653
73754
239102
18771
245522
14025
12913
22685
21350
217695
56722
52231
20183
29871
72693
58208
15213
320158
13709
13813
17684
68490
11568
60611
11910
231986
14472
15901
22704
210719
81703
329003
19009
12705
23849
22689
11820
20893
17129
14633
243983
68750
101994
20674
58198
54139
16476
116870
16468
217031
17354
23872
12402
56449
68842
76893
76022
18991
65098
15260
106205
232679
269639
17869
217127
77110
100515
77286
16918
54720
17126
20848
80292
83395
12014
